﻿date,tested,cases,new_cases
17/03/2020,"50,442",1950,407
18/03/2020,"56,221","2,626",676
19/03/2020,"64,621","3,269",643
20/03/2020,"66,976","3,983",714
21/03/2020,"72,818","5,018",1035
22/03/2020,"78,340","5,683",665
23/03/2020,"83,945","6,650",967
24/03/2020,"90,436","8,077",1427
25/03/2020,"97,019","9,529","1,452"
26/03/2020,"104,866","11,658","2,129"
27/03/2020,"113,777","14,543",2885
28/03/2020,"120,776","17,089",2546
29/03/2020,"127,737","19,522","2,433"
30/03/2020,"134,946","22,141","2,619"
31/03/2020,"143,186","25,150","3,009"
01/04/2020,"152,979","29,474","4,324"
02/04/2020,"163,194","33,718","4,244"
03/04/2020,"173,784","38,168","4,450"
04/04/2020,"184,100","41,903","3,735"
05/04/2020,"195,524","47,806","5,914"
06/04/2020,"208,837","51,608","3,802"
07/04/2020,"219,749","55,242",3634
08/04/2020,"232,708","60,773","5,491"